Community Membership
0 0
1 0
2 0
3 0
4 0
5 0
6 0
7 0
8 0
9 0
10 0
11 0
12 0
13 0
14 0
15 0
16 0
17 0
18 6
19 6
20 6
21 6
22 6
23 0
24 0
25 0
26 0
27 0
28 0
29 0
30 0
31 0
32 0
33 0
34 0
35 0
36 0
37 0
38 0
39 0
40 0
41 6
42 6
43 6
44 6
45 6
46 6
47 6
48 6
49 6
50 6
51 6
52 6
53 6
54 6
55 6
56 6
57 6
58 6
59 6
60 6
61 1
62 1
63 1
64 1
65 1
66 1
67 1
68 1
69 1
70 0
71 0
72 0
73 0
74 0
75 0
76 0
77 0
78 0
79 0
80 7
81 0
82 7
83 7
84 7
85 7
86 7
87 7
88 7
89 7
90 7
91 0
92 0
93 0
94 0
95 0
96 0
97 0
98 0
99 5
100 5
101 5
102 5
103 5
104 5
105 5
106 5
107 5
108 5
109 5
110 5
111 5
112 5
113 8
114 5
115 8
116 8
117 8
118 8
119 8
120 8
121 8
122 8
123 8
124 8
125 8
126 1
127 1
128 1
129 1
130 1
131 1
132 1
133 1
134 1
135 1
136 1
137 1
138 1
139 2
140 2
141 2
142 3
143 3
144 3
145 5
146 5
147 5
148 5
149 5
150 5
151 5
152 5
153 5
154 5
155 5
156 5
157 5
158 5
159 5
160 2
161 1
162 2
163 2
164 2
165 2
166 1
167 2
168 2
169 2
170 2
171 2
172 2
173 2
174 2
175 2
176 3
177 3
178 3
179 3
180 3
181 3
182 3
183 3
184 3
185 3
186 3
187 3
188 3
189 3
190 3
191 3
192 3
193 3
194 2
195 2
196 2
197 2
198 2
199 3
200 3
201 3
202 3
203 3
204 3
205 3
206 4
207 4
208 4
209 4
210 4
211 4
212 4
213 4
214 4
215 4
216 4
217 3
218 4
219 3
220 3
221 3
222 3
223 3
224 3
225 3
226 3
227 3
228 3
229 9
230 3
231 9
232 9
233 9
234 9
235 9
236 9
237 9
238 9
239 9
240 9
241 9
242 9
243 9
244 9
245 9
246 9
247 9
248 9
249 3
250 3
251 3
252 3
253 3
254 3
255 3
256 3
257 9
258 9
259 9
260 9
261 9
262 9
263 9
264 9
265 4
266 4
267 4
268 4
269 4
270 4
271 4
272 4
273 4
274 4
275 4
276 4
277 4
278 4
279 4
280 4
281 4
282 4
283 4
284 4
285 9
286 9
287 9
288 9
289 9
290 9
291 3
292 4
293 8
294 1
295 8
296 8
297 8
298 8
299 8
300 8
301 8
302 8
303 8
304 8
305 8
306 8
307 8
308 8
309 8
310 8
311 8
312 8
313 8
314 5
315 5
316 5
317 5
318 6
Modularity Score
0 0.0000
1 0.3621
2 0.5738
3 0.6000
4 0.6276
5 0.6397
6 0.6511
7 0.6513
8 0.6580
9 0.6619
10 0.6552
11 0.6521
12 0.6411
13 0.6388
14 0.6352
15 0.6288
16 0.6243
17 0.6182
18 0.6113
19 0.6078
20 0.6017
21 0.5986
22 0.5946
23 0.5891
24 0.5880
25 0.5828
26 0.5780
27 0.5697
28 0.5640
29 0.5566
30 0.5553
31 0.5470
32 0.5430
33 0.5417
34 0.5361
35 0.5342
36 0.5287
37 0.5245
38 0.5198
39 0.5156
40 0.5096
41 0.5007
42 0.4987
43 0.4929
44 0.4897
45 0.4843
46 0.4824
47 0.4805
48 0.4787
49 0.4751
50 0.4691
51 0.4674
52 0.4663
53 0.4607
54 0.4587
55 0.4569
56 0.4518
57 0.4499
58 0.4481
59 0.4461
60 0.4448
61 0.4429
62 0.4404
63 0.4372
64 0.4354
65 0.4337
66 0.4312
67 0.4292
68 0.4255
69 0.4236
70 0.4211
71 0.4192
72 0.4174
73 0.4161
74 0.4149
75 0.4129
76 0.4109
77 0.4083
78 0.4065
79 0.4038
80 0.3987
81 0.3962
82 0.3936
83 0.3910
84 0.3885
85 0.3852
86 0.3827
87 0.3814
88 0.3789
89 0.3776
90 0.3758
91 0.3740
92 0.3720
93 0.3694
94 0.3668
95 0.3650
96 0.3631
97 0.3611
98 0.3586
99 0.3566
100 0.3541
101 0.3522
102 0.3503
103 0.3484
104 0.3464
105 0.3444
106 0.3425
107 0.3399
108 0.3360
109 0.3334
110 0.3322
111 0.3310
112 0.3284
113 0.3265
114 0.3245
115 0.3232
116 0.3207
117 0.3187
118 0.3167
119 0.3148
120 0.3129
121 0.3109
122 0.3089
123 0.3071
124 0.3038
125 0.3020
126 0.3000
127 0.2974
128 0.2954
129 0.2928
130 0.2902
131 0.2876
132 0.2849
133 0.2824
134 0.2797
135 0.2785
136 0.2772
137 0.2759
138 0.2739
139 0.2719
140 0.2700
141 0.2680
142 0.2660
143 0.2640
144 0.2621
145 0.2601
146 0.2575
147 0.2549
148 0.2523
149 0.2497
150 0.2471
151 0.2444
152 0.2419
153 0.2392
154 0.2366
155 0.2340
156 0.2320
157 0.2306
158 0.2300
159 0.2280
160 0.2260
161 0.2247
162 0.2241
163 0.2221
164 0.2208
165 0.2201
166 0.2174
167 0.2154
168 0.2141
169 0.2134
170 0.2115
171 0.2102
172 0.2089
173 0.2082
174 0.2062
175 0.2049
176 0.2042
177 0.2036
178 0.2029
179 0.2003
180 0.1983
181 0.1970
182 0.1963
183 0.1937
184 0.1917
185 0.1904
186 0.1898
187 0.1872
188 0.1852
189 0.1839
190 0.1832
191 0.1812
192 0.1799
193 0.1792
194 0.1773
195 0.1759
196 0.1746
197 0.1740
198 0.1720
199 0.1707
200 0.1680
201 0.1660
202 0.1647
203 0.1640
204 0.1626
205 0.1620
206 0.1613
207 0.1607
208 0.1581
209 0.1548
210 0.1521
211 0.1501
212 0.1488
213 0.1481
214 0.1456
215 0.1436
216 0.1424
217 0.1417
218 0.1391
219 0.1371
220 0.1359
221 0.1352
222 0.1326
223 0.1306
224 0.1293
225 0.1286
226 0.1273
227 0.1260
228 0.1254
229 0.1235
230 0.1221
231 0.1202
232 0.1189
233 0.1169
234 0.1156
235 0.1150
236 0.1143
237 0.1136
238 0.1117
239 0.1096
240 0.1083
241 0.1076
242 0.1056
243 0.1043
244 0.1023
245 0.1010
246 0.1003
247 0.0990
248 0.0970
249 0.0964
250 0.0938
251 0.0918
252 0.0906
253 0.0899
254 0.0886
255 0.0880
256 0.0873
257 0.0860
258 0.0853
259 0.0827
260 0.0808
261 0.0796
262 0.0789
263 0.0764
264 0.0745
265 0.0732
266 0.0725
267 0.0712
268 0.0705
269 0.0692
270 0.0685
271 0.0659
272 0.0639
273 0.0626
274 0.0620
275 0.0594
276 0.0575
277 0.0562
278 0.0555
279 0.0535
280 0.0508
281 0.0489
282 0.0475
283 0.0469
284 0.0449
285 0.0435
286 0.0429
287 0.0402
288 0.0382
289 0.0369
290 0.0362
291 0.0349
292 0.0342
293 0.0315
294 0.0295
295 0.0282
296 0.0276
297 0.0250
298 0.0230
299 0.0217
300 0.0211
301 0.0198
302 0.0191
303 0.0171
304 0.0158
305 0.0151
306 0.0125
307 0.0105
308 0.0092
309 0.0086
310 0.0066
311 0.0052
312 0.0046
313 0.0019
314 -0.0001
315 -0.0015
316 -0.0021
317 0.0000
318 -1.0000
0.000000 951.000000 119.000000 0.000000 0.000000 99.000000 204.000000 0.000000 0.000000 0.000000 
951.000000 0.000000 116.000000 26.000000 0.000000 92.000000 171.000000 0.000000 16.000000 0.000000 
119.000000 116.000000 0.000000 21.000000 0.000000 14.000000 32.000000 0.000000 0.000000 0.000000 
0.000000 26.000000 21.000000 0.000000 0.000000 4.000000 0.000000 0.000000 0.000000 0.000000 
0.000000 0.000000 0.000000 0.000000 0.000000 0.000000 0.000000 0.000000 0.000000 0.000000 
99.000000 92.000000 14.000000 4.000000 0.000000 0.000000 0.000000 0.000000 16.000000 0.000000 
204.000000 171.000000 32.000000 0.000000 0.000000 0.000000 0.000000 0.000000 0.000000 0.000000 
0.000000 0.000000 0.000000 0.000000 0.000000 0.000000 0.000000 0.000000 0.000000 0.000000 
0.000000 16.000000 0.000000 0.000000 0.000000 16.000000 0.000000 0.000000 0.000000 0.000000 
0.000000 0.000000 0.000000 0.000000 0.000000 0.000000 0.000000 0.000000 0.000000 0.000000 

0.000000 1147.000000 534.000000 0.000000 0.000000 143.000000 757.000000 0.000000 0.000000 0.000000 
1147.000000 0.000000 191.000000 26.000000 0.000000 94.000000 289.000000 0.000000 16.000000 0.000000 
534.000000 191.000000 0.000000 167.000000 0.000000 48.000000 570.000000 0.000000 0.000000 0.000000 
0.000000 26.000000 167.000000 0.000000 1.000000 15.000000 133.000000 0.000000 0.000000 0.000000 
0.000000 0.000000 0.000000 1.000000 0.000000 1.000000 0.000000 0.000000 0.000000 0.000000 
143.000000 94.000000 48.000000 15.000000 1.000000 0.000000 0.000000 0.000000 16.000000 0.000000 
757.000000 289.000000 570.000000 133.000000 0.000000 0.000000 0.000000 0.000000 0.000000 0.000000 
0.000000 0.000000 0.000000 0.000000 0.000000 0.000000 0.000000 0.000000 0.000000 0.000000 
0.000000 16.000000 0.000000 0.000000 0.000000 16.000000 0.000000 0.000000 0.000000 0.000000 
0.000000 0.000000 0.000000 0.000000 0.000000 0.000000 0.000000 0.000000 0.000000 0.000000 

0.000000 1283.000000 1061.000000 0.000000 0.000000 562.000000 2368.000000 0.000000 0.000000 0.000000 
1283.000000 0.000000 200.000000 86.000000 13.000000 108.000000 329.000000 0.000000 17.000000 0.000000 
1061.000000 200.000000 0.000000 774.000000 0.000000 74.000000 666.000000 0.000000 0.000000 0.000000 
0.000000 86.000000 774.000000 0.000000 100.000000 383.000000 1688.000000 0.000000 3.000000 0.000000 
0.000000 13.000000 0.000000 100.000000 0.000000 77.000000 0.000000 0.000000 10.000000 0.000000 
562.000000 108.000000 74.000000 383.000000 77.000000 0.000000 0.000000 0.000000 31.000000 0.000000 
2368.000000 329.000000 666.000000 1688.000000 0.000000 0.000000 0.000000 0.000000 0.000000 0.000000 
0.000000 0.000000 0.000000 0.000000 0.000000 0.000000 0.000000 0.000000 0.000000 0.000000 
0.000000 17.000000 0.000000 3.000000 10.000000 31.000000 0.000000 0.000000 0.000000 0.000000 
0.000000 0.000000 0.000000 0.000000 0.000000 0.000000 0.000000 0.000000 0.000000 0.000000 

0.000000 1543.000000 1541.000000 0.000000 0.000000 1453.000000 2550.000000 0.000000 0.000000 0.000000 
1543.000000 0.000000 200.000000 142.000000 203.000000 201.000000 336.000000 0.000000 131.000000 0.000000 
1541.000000 200.000000 0.000000 923.000000 0.000000 407.000000 668.000000 0.000000 0.000000 0.000000 
0.000000 142.000000 923.000000 0.000000 461.000000 511.000000 1860.000000 0.000000 3.000000 145.000000 
0.000000 203.000000 0.000000 461.000000 0.000000 718.000000 0.000000 0.000000 485.000000 145.000000 
1453.000000 201.000000 407.000000 511.000000 718.000000 0.000000 0.000000 0.000000 391.000000 0.000000 
2550.000000 336.000000 668.000000 1860.000000 0.000000 0.000000 0.000000 0.000000 0.000000 0.000000 
0.000000 0.000000 0.000000 0.000000 0.000000 0.000000 0.000000 0.000000 0.000000 0.000000 
0.000000 131.000000 0.000000 3.000000 485.000000 391.000000 0.000000 0.000000 0.000000 0.000000 
0.000000 0.000000 0.000000 145.000000 145.000000 0.000000 0.000000 0.000000 0.000000 0.000000 

0.000000 1562.000000 1826.000000 0.000000 0.000000 3015.000000 2552.000000 0.000000 0.000000 0.000000 
1562.000000 0.000000 201.000000 142.000000 203.000000 223.000000 337.000000 0.000000 131.000000 0.000000 
1826.000000 201.000000 0.000000 923.000000 0.000000 692.000000 668.000000 0.000000 0.000000 0.000000 
0.000000 142.000000 923.000000 0.000000 461.000000 511.000000 1860.000000 0.000000 3.000000 145.000000 
0.000000 203.000000 0.000000 461.000000 0.000000 718.000000 0.000000 0.000000 485.000000 145.000000 
3015.000000 223.000000 692.000000 511.000000 718.000000 0.000000 0.000000 0.000000 391.000000 0.000000 
2552.000000 337.000000 668.000000 1860.000000 0.000000 0.000000 0.000000 0.000000 0.000000 0.000000 
0.000000 0.000000 0.000000 0.000000 0.000000 0.000000 0.000000 0.000000 0.000000 0.000000 
0.000000 131.000000 0.000000 3.000000 485.000000 391.000000 0.000000 0.000000 0.000000 0.000000 
0.000000 0.000000 0.000000 145.000000 145.000000 0.000000 0.000000 0.000000 0.000000 0.000000 

0.000000 1621.000000 1826.000000 0.000000 0.000000 3015.000000 3912.000000 10.000000 0.000000 0.000000 
1621.000000 0.000000 201.000000 142.000000 203.000000 223.000000 396.000000 0.000000 131.000000 0.000000 
1826.000000 201.000000 0.000000 923.000000 0.000000 692.000000 668.000000 0.000000 0.000000 0.000000 
0.000000 142.000000 923.000000 0.000000 461.000000 511.000000 1860.000000 0.000000 3.000000 145.000000 
0.000000 203.000000 0.000000 461.000000 0.000000 718.000000 0.000000 0.000000 485.000000 145.000000 
3015.000000 223.000000 692.000000 511.000000 718.000000 0.000000 0.000000 0.000000 391.000000 0.000000 
3912.000000 396.000000 668.000000 1860.000000 0.000000 0.000000 0.000000 10.000000 0.000000 0.000000 
10.000000 0.000000 0.000000 0.000000 0.000000 0.000000 10.000000 0.000000 0.000000 0.000000 
0.000000 131.000000 0.000000 3.000000 485.000000 391.000000 0.000000 0.000000 0.000000 0.000000 
0.000000 0.000000 0.000000 145.000000 145.000000 0.000000 0.000000 0.000000 0.000000 0.000000 

0.000000 1621.000000 1826.000000 0.000000 0.000000 3015.000000 3928.000000 543.000000 0.000000 0.000000 
1621.000000 0.000000 201.000000 142.000000 203.000000 223.000000 396.000000 0.000000 131.000000 0.000000 
1826.000000 201.000000 0.000000 923.000000 0.000000 692.000000 668.000000 0.000000 0.000000 0.000000 
0.000000 142.000000 923.000000 0.000000 461.000000 511.000000 1860.000000 0.000000 3.000000 145.000000 
0.000000 203.000000 0.000000 461.000000 0.000000 718.000000 0.000000 0.000000 485.000000 145.000000 
3015.000000 223.000000 692.000000 511.000000 718.000000 0.000000 0.000000 0.000000 391.000000 0.000000 
3928.000000 396.000000 668.000000 1860.000000 0.000000 0.000000 0.000000 26.000000 0.000000 0.000000 
543.000000 0.000000 0.000000 0.000000 0.000000 0.000000 26.000000 0.000000 0.000000 0.000000 
0.000000 131.000000 0.000000 3.000000 485.000000 391.000000 0.000000 0.000000 0.000000 0.000000 
0.000000 0.000000 0.000000 145.000000 145.000000 0.000000 0.000000 0.000000 0.000000 0.000000 

0.000000 2100.000000 1953.000000 0.000000 0.000000 4132.000000 3962.000000 543.000000 0.000000 0.000000 
2100.000000 0.000000 225.000000 146.000000 203.000000 408.000000 429.000000 0.000000 850.000000 0.000000 
1953.000000 225.000000 0.000000 961.000000 0.000000 758.000000 668.000000 0.000000 0.000000 0.000000 
0.000000 146.000000 961.000000 0.000000 465.000000 514.000000 1860.000000 0.000000 44.000000 145.000000 
0.000000 203.000000 0.000000 465.000000 0.000000 728.000000 0.000000 0.000000 499.000000 145.000000 
4132.000000 408.000000 758.000000 514.000000 728.000000 0.000000 0.000000 0.000000 1375.000000 0.000000 
3962.000000 429.000000 668.000000 1860.000000 0.000000 0.000000 0.000000 26.000000 0.000000 0.000000 
543.000000 0.000000 0.000000 0.000000 0.000000 0.000000 26.000000 0.000000 0.000000 0.000000 
0.000000 850.000000 0.000000 44.000000 499.000000 1375.000000 0.000000 0.000000 0.000000 0.000000 
0.000000 0.000000 0.000000 145.000000 145.000000 0.000000 0.000000 0.000000 0.000000 0.000000 

0.000000 2270.000000 2072.000000 0.000000 0.000000 4331.000000 5287.000000 543.000000 0.000000 0.000000 
2270.000000 0.000000 235.000000 162.000000 308.000000 415.000000 470.000000 0.000000 853.000000 0.000000 
2072.000000 235.000000 0.000000 1110.000000 0.000000 770.000000 755.000000 0.000000 0.000000 81.000000 
0.000000 162.000000 1110.000000 0.000000 518.000000 595.000000 3139.000000 0.000000 44.000000 1725.000000 
0.000000 308.000000 0.000000 518.000000 0.000000 751.000000 0.000000 0.000000 576.000000 298.000000 
4331.000000 415.000000 770.000000 595.000000 751.000000 0.000000 0.000000 0.000000 1448.000000 0.000000 
5287.000000 470.000000 755.000000 3139.000000 0.000000 0.000000 0.000000 26.000000 0.000000 0.000000 
543.000000 0.000000 0.000000 0.000000 0.000000 0.000000 26.000000 0.000000 0.000000 0.000000 
0.000000 853.000000 0.000000 44.000000 576.000000 1448.000000 0.000000 0.000000 0.000000 0.000000 
0.000000 0.000000 81.000000 1725.000000 298.000000 0.000000 0.000000 0.000000 0.000000 0.000000 

0.000000 2270.000000 2072.000000 0.000000 0.000000 4331.000000 5287.000000 543.000000 0.000000 0.000000 
2270.000000 0.000000 601.000000 249.000000 309.000000 452.000000 526.000000 0.000000 853.000000 0.000000 
2072.000000 601.000000 0.000000 1207.000000 0.000000 799.000000 811.000000 0.000000 0.000000 81.000000 
0.000000 249.000000 1207.000000 0.000000 519.000000 603.000000 3139.000000 0.000000 44.000000 1725.000000 
0.000000 309.000000 0.000000 519.000000 0.000000 751.000000 0.000000 0.000000 576.000000 298.000000 
4331.000000 452.000000 799.000000 603.000000 751.000000 0.000000 0.000000 0.000000 1448.000000 0.000000 
5287.000000 526.000000 811.000000 3139.000000 0.000000 0.000000 0.000000 26.000000 0.000000 0.000000 
543.000000 0.000000 0.000000 0.000000 0.000000 0.000000 26.000000 0.000000 0.000000 0.000000 
0.000000 853.000000 0.000000 44.000000 576.000000 1448.000000 0.000000 0.000000 0.000000 0.000000 
0.000000 0.000000 81.000000 1725.000000 298.000000 0.000000 0.000000 0.000000 0.000000 0.000000 

0.000000 2277.000000 2072.000000 0.000000 0.000000 4333.000000 5292.000000 543.000000 0.000000 0.000000 
2277.000000 0.000000 971.000000 806.000000 365.000000 610.000000 585.000000 0.000000 868.000000 0.000000 
2072.000000 971.000000 0.000000 1636.000000 0.000000 806.000000 865.000000 0.000000 0.000000 82.000000 
0.000000 806.000000 1636.000000 0.000000 583.000000 746.000000 3149.000000 0.000000 58.000000 1730.000000 
0.000000 365.000000 0.000000 583.000000 0.000000 759.000000 0.000000 0.000000 579.000000 301.000000 
4333.000000 610.000000 806.000000 746.000000 759.000000 0.000000 0.000000 0.000000 1449.000000 0.000000 
5292.000000 585.000000 865.000000 3149.000000 0.000000 0.000000 0.000000 26.000000 0.000000 0.000000 
543.000000 0.000000 0.000000 0.000000 0.000000 0.000000 26.000000 0.000000 0.000000 0.000000 
0.000000 868.000000 0.000000 58.000000 579.000000 1449.000000 0.000000 0.000000 0.000000 0.000000 
0.000000 0.000000 82.000000 1730.000000 301.000000 0.000000 0.000000 0.000000 0.000000 0.000000 

0.000000 2284.000000 2072.000000 0.000000 0.000000 4340.000000 5292.000000 543.000000 0.000000 0.000000 
2284.000000 0.000000 1025.000000 1179.000000 520.000000 688.000000 585.000000 0.000000 1022.000000 0.000000 
2072.000000 1025.000000 0.000000 1685.000000 0.000000 811.000000 865.000000 0.000000 0.000000 82.000000 
0.000000 1179.000000 1685.000000 0.000000 1010.000000 760.000000 3149.000000 0.000000 58.000000 1740.000000 
0.000000 520.000000 0.000000 1010.000000 0.000000 798.000000 0.000000 0.000000 770.000000 311.000000 
4340.000000 688.000000 811.000000 760.000000 798.000000 0.000000 0.000000 0.000000 1485.000000 0.000000 
5292.000000 585.000000 865.000000 3149.000000 0.000000 0.000000 0.000000 26.000000 0.000000 0.000000 
543.000000 0.000000 0.000000 0.000000 0.000000 0.000000 26.000000 0.000000 0.000000 0.000000 
0.000000 1022.000000 0.000000 58.000000 770.000000 1485.000000 0.000000 0.000000 0.000000 0.000000 
0.000000 0.000000 82.000000 1740.000000 311.000000 0.000000 0.000000 0.000000 0.000000 0.000000 

0.000000 2381.000000 2072.000000 0.000000 0.000000 4437.000000 5292.000000 543.000000 0.000000 0.000000 
2381.000000 0.000000 1127.000000 1225.000000 520.000000 1076.000000 585.000000 0.000000 1236.000000 0.000000 
2072.000000 1127.000000 0.000000 1685.000000 0.000000 913.000000 865.000000 0.000000 0.000000 82.000000 
0.000000 1225.000000 1685.000000 0.000000 1034.000000 782.000000 3149.000000 0.000000 58.000000 1740.000000 
0.000000 520.000000 0.000000 1034.000000 0.000000 822.000000 0.000000 0.000000 770.000000 311.000000 
4437.000000 1076.000000 913.000000 782.000000 822.000000 0.000000 0.000000 0.000000 1699.000000 0.000000 
5292.000000 585.000000 865.000000 3149.000000 0.000000 0.000000 0.000000 26.000000 0.000000 0.000000 
543.000000 0.000000 0.000000 0.000000 0.000000 0.000000 26.000000 0.000000 0.000000 0.000000 
0.000000 1236.000000 0.000000 58.000000 770.000000 1699.000000 0.000000 0.000000 0.000000 0.000000 
0.000000 0.000000 82.000000 1740.000000 311.000000 0.000000 0.000000 0.000000 0.000000 0.000000 

0.000000 2407.000000 2098.000000 0.000000 0.000000 4442.000000 5350.000000 543.000000 0.000000 0.000000 
2407.000000 0.000000 1240.000000 1240.000000 522.000000 1084.000000 1068.000000 0.000000 1236.000000 0.000000 
2098.000000 1240.000000 0.000000 1686.000000 0.000000 916.000000 953.000000 0.000000 0.000000 82.000000 
0.000000 1240.000000 1686.000000 0.000000 1036.000000 782.000000 3168.000000 0.000000 58.000000 1740.000000 
0.000000 522.000000 0.000000 1036.000000 0.000000 822.000000 0.000000 0.000000 770.000000 311.000000 
4442.000000 1084.000000 916.000000 782.000000 822.000000 0.000000 0.000000 0.000000 1699.000000 0.000000 
5350.000000 1068.000000 953.000000 3168.000000 0.000000 0.000000 0.000000 26.000000 0.000000 0.000000 
543.000000 0.000000 0.000000 0.000000 0.000000 0.000000 26.000000 0.000000 0.000000 0.000000 
0.000000 1236.000000 0.000000 58.000000 770.000000 1699.000000 0.000000 0.000000 0.000000 0.000000 
0.000000 0.000000 82.000000 1740.000000 311.000000 0.000000 0.000000 0.000000 0.000000 0.000000 

0.000000 2497.000000 2126.000000 0.000000 0.000000 4449.000000 5403.000000 723.000000 0.000000 0.000000 
2497.000000 0.000000 1281.000000 1246.000000 522.000000 1092.000000 1171.000000 0.000000 1236.000000 0.000000 
2126.000000 1281.000000 0.000000 1690.000000 0.000000 919.000000 972.000000 0.000000 0.000000 82.000000 
0.000000 1246.000000 1690.000000 0.000000 1036.000000 784.000000 3168.000000 0.000000 58.000000 1740.000000 
0.000000 522.000000 0.000000 1036.000000 0.000000 822.000000 0.000000 0.000000 770.000000 311.000000 
4449.000000 1092.000000 919.000000 784.000000 822.000000 0.000000 0.000000 0.000000 1699.000000 0.000000 
5403.000000 1171.000000 972.000000 3168.000000 0.000000 0.000000 0.000000 95.000000 0.000000 0.000000 
723.000000 0.000000 0.000000 0.000000 0.000000 0.000000 95.000000 0.000000 0.000000 0.000000 
0.000000 1236.000000 0.000000 58.000000 770.000000 1699.000000 0.000000 0.000000 0.000000 0.000000 
0.000000 0.000000 82.000000 1740.000000 311.000000 0.000000 0.000000 0.000000 0.000000 0.000000 

0.000000 2504.000000 2126.000000 0.000000 0.000000 4456.000000 5403.000000 723.000000 0.000000 0.000000 
2504.000000 0.000000 1287.000000 1265.000000 522.000000 1148.000000 1171.000000 0.000000 1945.000000 0.000000 
2126.000000 1287.000000 0.000000 1692.000000 0.000000 923.000000 972.000000 0.000000 0.000000 82.000000 
0.000000 1265.000000 1692.000000 0.000000 1046.000000 784.000000 3168.000000 0.000000 69.000000 1740.000000 
0.000000 522.000000 0.000000 1046.000000 0.000000 822.000000 0.000000 0.000000 779.000000 311.000000 
4456.000000 1148.000000 923.000000 784.000000 822.000000 0.000000 0.000000 0.000000 1768.000000 0.000000 
5403.000000 1171.000000 972.000000 3168.000000 0.000000 0.000000 0.000000 95.000000 0.000000 0.000000 
723.000000 0.000000 0.000000 0.000000 0.000000 0.000000 95.000000 0.000000 0.000000 0.000000 
0.000000 1945.000000 0.000000 69.000000 779.000000 1768.000000 0.000000 0.000000 0.000000 0.000000 
0.000000 0.000000 82.000000 1740.000000 311.000000 0.000000 0.000000 0.000000 0.000000 0.000000 

0.000000 2504.000000 2126.000000 0.000000 0.000000 4456.000000 5403.000000 723.000000 0.000000 0.000000 
2504.000000 0.000000 1495.000000 1568.000000 701.000000 1190.000000 1199.000000 0.000000 2006.000000 0.000000 
2126.000000 1495.000000 0.000000 1819.000000 0.000000 925.000000 1000.000000 0.000000 0.000000 193.000000 
0.000000 1568.000000 1819.000000 0.000000 1050.000000 809.000000 3169.000000 0.000000 105.000000 2239.000000 
0.000000 701.000000 0.000000 1050.000000 0.000000 828.000000 0.000000 0.000000 811.000000 525.000000 
4456.000000 1190.000000 925.000000 809.000000 828.000000 0.000000 0.000000 0.000000 1776.000000 0.000000 
5403.000000 1199.000000 1000.000000 3169.000000 0.000000 0.000000 0.000000 95.000000 0.000000 0.000000 
723.000000 0.000000 0.000000 0.000000 0.000000 0.000000 95.000000 0.000000 0.000000 0.000000 
0.000000 2006.000000 0.000000 105.000000 811.000000 1776.000000 0.000000 0.000000 0.000000 0.000000 
0.000000 0.000000 193.000000 2239.000000 525.000000 0.000000 0.000000 0.000000 0.000000 0.000000 

0.000000 2504.000000 2128.000000 0.000000 0.000000 4456.000000 5405.000000 723.000000 0.000000 0.000000 
2504.000000 0.000000 1496.000000 1569.000000 701.000000 1190.000000 1199.000000 0.000000 2006.000000 0.000000 
2128.000000 1496.000000 0.000000 2878.000000 0.000000 930.000000 1000.000000 0.000000 0.000000 201.000000 
0.000000 1569.000000 2878.000000 0.000000 1050.000000 814.000000 3171.000000 0.000000 105.000000 2247.000000 
0.000000 701.000000 0.000000 1050.000000 0.000000 828.000000 0.000000 0.000000 811.000000 525.000000 
4456.000000 1190.000000 930.000000 814.000000 828.000000 0.000000 0.000000 0.000000 1776.000000 0.000000 
5405.000000 1199.000000 1000.000000 3171.000000 0.000000 0.000000 0.000000 95.000000 0.000000 0.000000 
723.000000 0.000000 0.000000 0.000000 0.000000 0.000000 95.000000 0.000000 0.000000 0.000000 
0.000000 2006.000000 0.000000 105.000000 811.000000 1776.000000 0.000000 0.000000 0.000000 0.000000 
0.000000 0.000000 201.000000 2247.000000 525.000000 0.000000 0.000000 0.000000 0.000000 0.000000 

0.000000 2504.000000 2128.000000 0.000000 0.000000 4456.000000 5405.000000 723.000000 0.000000 0.000000 
2504.000000 0.000000 1501.000000 1570.000000 701.000000 1190.000000 1199.000000 0.000000 2009.000000 0.000000 
2128.000000 1501.000000 0.000000 3511.000000 0.000000 975.000000 1000.000000 0.000000 0.000000 242.000000 
0.000000 1570.000000 3511.000000 0.000000 1615.000000 814.000000 3171.000000 0.000000 106.000000 2315.000000 
0.000000 701.000000 0.000000 1615.000000 0.000000 872.000000 0.000000 0.000000 816.000000 635.000000 
4456.000000 1190.000000 975.000000 814.000000 872.000000 0.000000 0.000000 0.000000 1776.000000 0.000000 
5405.000000 1199.000000 1000.000000 3171.000000 0.000000 0.000000 0.000000 95.000000 0.000000 0.000000 
723.000000 0.000000 0.000000 0.000000 0.000000 0.000000 95.000000 0.000000 0.000000 0.000000 
0.000000 2009.000000 0.000000 106.000000 816.000000 1776.000000 0.000000 0.000000 0.000000 0.000000 
0.000000 0.000000 242.000000 2315.000000 635.000000 0.000000 0.000000 0.000000 0.000000 0.000000 

0.000000 2512.000000 2128.000000 0.000000 0.000000 4469.000000 5409.000000 723.000000 0.000000 0.000000 
2512.000000 0.000000 1540.000000 1572.000000 701.000000 1217.000000 1207.000000 0.000000 2023.000000 0.000000 
2128.000000 1540.000000 0.000000 3844.000000 0.000000 1336.000000 1012.000000 0.000000 0.000000 242.000000 
0.000000 1572.000000 3844.000000 0.000000 1813.000000 942.000000 3171.000000 0.000000 110.000000 2315.000000 
0.000000 701.000000 0.000000 1813.000000 0.000000 1065.000000 0.000000 0.000000 820.000000 635.000000 
4469.000000 1217.000000 1336.000000 942.000000 1065.000000 0.000000 0.000000 0.000000 1799.000000 0.000000 
5409.000000 1207.000000 1012.000000 3171.000000 0.000000 0.000000 0.000000 95.000000 0.000000 0.000000 
723.000000 0.000000 0.000000 0.000000 0.000000 0.000000 95.000000 0.000000 0.000000 0.000000 
0.000000 2023.000000 0.000000 110.000000 820.000000 1799.000000 0.000000 0.000000 0.000000 0.000000 
0.000000 0.000000 242.000000 2315.000000 635.000000 0.000000 0.000000 0.000000 0.000000 0.000000 

0.000000 2512.000000 2171.000000 0.000000 0.000000 4469.000000 5452.000000 723.000000 0.000000 0.000000 
2512.000000 0.000000 1551.000000 1572.000000 701.000000 1217.000000 1218.000000 0.000000 2023.000000 0.000000 
2171.000000 1551.000000 0.000000 3931.000000 0.000000 1336.000000 1440.000000 0.000000 0.000000 242.000000 
0.000000 1572.000000 3931.000000 0.000000 1813.000000 942.000000 3258.000000 0.000000 110.000000 2315.000000 
0.000000 701.000000 0.000000 1813.000000 0.000000 1065.000000 0.000000 0.000000 820.000000 635.000000 
4469.000000 1217.000000 1336.000000 942.000000 1065.000000 0.000000 0.000000 0.000000 1799.000000 0.000000 
5452.000000 1218.000000 1440.000000 3258.000000 0.000000 0.000000 0.000000 95.000000 0.000000 0.000000 
723.000000 0.000000 0.000000 0.000000 0.000000 0.000000 95.000000 0.000000 0.000000 0.000000 
0.000000 2023.000000 0.000000 110.000000 820.000000 1799.000000 0.000000 0.000000 0.000000 0.000000 
0.000000 0.000000 242.000000 2315.000000 635.000000 0.000000 0.000000 0.000000 0.000000 0.000000 

0.000000 2512.000000 2245.000000 0.000000 0.000000 4469.000000 5562.000000 908.000000 0.000000 0.000000 
2512.000000 0.000000 1551.000000 1572.000000 701.000000 1217.000000 1218.000000 0.000000 2023.000000 0.000000 
2245.000000 1551.000000 0.000000 3937.000000 0.000000 1336.000000 1578.000000 0.000000 0.000000 242.000000 
0.000000 1572.000000 3937.000000 0.000000 1813.000000 942.000000 3264.000000 0.000000 110.000000 2315.000000 
0.000000 701.000000 0.000000 1813.000000 0.000000 1065.000000 0.000000 0.000000 820.000000 635.000000 
4469.000000 1217.000000 1336.000000 942.000000 1065.000000 0.000000 0.000000 0.000000 1799.000000 0.000000 
5562.000000 1218.000000 1578.000000 3264.000000 0.000000 0.000000 0.000000 129.000000 0.000000 0.000000 
908.000000 0.000000 0.000000 0.000000 0.000000 0.000000 129.000000 0.000000 0.000000 0.000000 
0.000000 2023.000000 0.000000 110.000000 820.000000 1799.000000 0.000000 0.000000 0.000000 0.000000 
0.000000 0.000000 242.000000 2315.000000 635.000000 0.000000 0.000000 0.000000 0.000000 0.000000 

0.000000 2512.000000 2245.000000 0.000000 0.000000 4469.000000 5562.000000 908.000000 0.000000 0.000000 
2512.000000 0.000000 1747.000000 1645.000000 702.000000 1250.000000 1218.000000 0.000000 2327.000000 0.000000 
2245.000000 1747.000000 0.000000 4359.000000 0.000000 1413.000000 1578.000000 0.000000 0.000000 249.000000 
0.000000 1645.000000 4359.000000 0.000000 1974.000000 950.000000 3264.000000 0.000000 293.000000 2319.000000 
0.000000 702.000000 0.000000 1974.000000 0.000000 1093.000000 0.000000 0.000000 954.000000 637.000000 
4469.000000 1250.000000 1413.000000 950.000000 1093.000000 0.000000 0.000000 0.000000 1880.000000 0.000000 
5562.000000 1218.000000 1578.000000 3264.000000 0.000000 0.000000 0.000000 129.000000 0.000000 0.000000 
908.000000 0.000000 0.000000 0.000000 0.000000 0.000000 129.000000 0.000000 0.000000 0.000000 
0.000000 2327.000000 0.000000 293.000000 954.000000 1880.000000 0.000000 0.000000 0.000000 0.000000 
0.000000 0.000000 249.000000 2319.000000 637.000000 0.000000 0.000000 0.000000 0.000000 0.000000 

0.000000 2512.000000 2245.000000 0.000000 0.000000 4469.000000 5562.000000 908.000000 0.000000 0.000000 
2512.000000 0.000000 1747.000000 1645.000000 702.000000 1250.000000 1218.000000 0.000000 2327.000000 0.000000 
2245.000000 1747.000000 0.000000 4843.000000 0.000000 1413.000000 1578.000000 0.000000 0.000000 490.000000 
0.000000 1645.000000 4843.000000 0.000000 1980.000000 950.000000 3264.000000 0.000000 293.000000 2797.000000 
0.000000 702.000000 0.000000 1980.000000 0.000000 1093.000000 0.000000 0.000000 954.000000 643.000000 
4469.000000 1250.000000 1413.000000 950.000000 1093.000000 0.000000 0.000000 0.000000 1880.000000 0.000000 
5562.000000 1218.000000 1578.000000 3264.000000 0.000000 0.000000 0.000000 129.000000 0.000000 0.000000 
908.000000 0.000000 0.000000 0.000000 0.000000 0.000000 129.000000 0.000000 0.000000 0.000000 
0.000000 2327.000000 0.000000 293.000000 954.000000 1880.000000 0.000000 0.000000 0.000000 0.000000 
0.000000 0.000000 490.000000 2797.000000 643.000000 0.000000 0.000000 0.000000 0.000000 0.000000 

0.000000 2512.000000 2245.000000 0.000000 0.000000 4469.000000 5562.000000 908.000000 0.000000 0.000000 
2512.000000 0.000000 1747.000000 1645.000000 702.000000 1250.000000 1218.000000 0.000000 2327.000000 0.000000 
2245.000000 1747.000000 0.000000 4843.000000 0.000000 1413.000000 1578.000000 0.000000 0.000000 490.000000 
0.000000 1645.000000 4843.000000 0.000000 3208.000000 953.000000 3264.000000 0.000000 293.000000 3181.000000 
0.000000 702.000000 0.000000 3208.000000 0.000000 1096.000000 0.000000 0.000000 954.000000 1027.000000 
4469.000000 1250.000000 1413.000000 953.000000 1096.000000 0.000000 0.000000 0.000000 1880.000000 0.000000 
5562.000000 1218.000000 1578.000000 3264.000000 0.000000 0.000000 0.000000 129.000000 0.000000 0.000000 
908.000000 0.000000 0.000000 0.000000 0.000000 0.000000 129.000000 0.000000 0.000000 0.000000 
0.000000 2327.000000 0.000000 293.000000 954.000000 1880.000000 0.000000 0.000000 0.000000 0.000000 
0.000000 0.000000 490.000000 3181.000000 1027.000000 0.000000 0.000000 0.000000 0.000000 0.000000 

0.000000 2512.000000 2246.000000 0.000000 0.000000 4484.000000 5578.000000 908.000000 0.000000 0.000000 
2512.000000 0.000000 1747.000000 1699.000000 712.000000 1263.000000 1218.000000 0.000000 2378.000000 0.000000 
2246.000000 1747.000000 0.000000 4938.000000 0.000000 1509.000000 1578.000000 0.000000 0.000000 490.000000 
0.000000 1699.000000 4938.000000 0.000000 3864.000000 1759.000000 3280.000000 0.000000 323.000000 3186.000000 
0.000000 712.000000 0.000000 3864.000000 0.000000 1658.000000 0.000000 0.000000 1043.000000 1032.000000 
4484.000000 1263.000000 1509.000000 1759.000000 1658.000000 0.000000 0.000000 0.000000 2051.000000 0.000000 
5578.000000 1218.000000 1578.000000 3280.000000 0.000000 0.000000 0.000000 129.000000 0.000000 0.000000 
908.000000 0.000000 0.000000 0.000000 0.000000 0.000000 129.000000 0.000000 0.000000 0.000000 
0.000000 2378.000000 0.000000 323.000000 1043.000000 2051.000000 0.000000 0.000000 0.000000 0.000000 
0.000000 0.000000 490.000000 3186.000000 1032.000000 0.000000 0.000000 0.000000 0.000000 0.000000 

0.000000 2512.000000 2332.000000 0.000000 0.000000 4486.000000 5666.000000 908.000000 0.000000 0.000000 
2512.000000 0.000000 1777.000000 1717.000000 712.000000 1269.000000 1274.000000 0.000000 2378.000000 0.000000 
2332.000000 1777.000000 0.000000 5405.000000 0.000000 1530.000000 1949.000000 0.000000 0.000000 490.000000 
0.000000 1717.000000 5405.000000 0.000000 3864.000000 1789.000000 4037.000000 0.000000 323.000000 3186.000000 
0.000000 712.000000 0.000000 3864.000000 0.000000 1658.000000 0.000000 0.000000 1043.000000 1032.000000 
4486.000000 1269.000000 1530.000000 1789.000000 1658.000000 0.000000 0.000000 0.000000 2051.000000 0.000000 
5666.000000 1274.000000 1949.000000 4037.000000 0.000000 0.000000 0.000000 129.000000 0.000000 0.000000 
908.000000 0.000000 0.000000 0.000000 0.000000 0.000000 129.000000 0.000000 0.000000 0.000000 
0.000000 2378.000000 0.000000 323.000000 1043.000000 2051.000000 0.000000 0.000000 0.000000 0.000000 
0.000000 0.000000 490.000000 3186.000000 1032.000000 0.000000 0.000000 0.000000 0.000000 0.000000 

0.000000 2512.000000 2492.000000 0.000000 0.000000 4486.000000 5965.000000 1367.000000 0.000000 0.000000 
2512.000000 0.000000 1777.000000 1717.000000 712.000000 1269.000000 1274.000000 0.000000 2378.000000 0.000000 
2492.000000 1777.000000 0.000000 5548.000000 0.000000 1547.000000 1949.000000 0.000000 0.000000 490.000000 
0.000000 1717.000000 5548.000000 0.000000 3864.000000 1806.000000 4365.000000 0.000000 323.000000 3186.000000 
0.000000 712.000000 0.000000 3864.000000 0.000000 1658.000000 0.000000 0.000000 1043.000000 1032.000000 
4486.000000 1269.000000 1547.000000 1806.000000 1658.000000 0.000000 0.000000 0.000000 2051.000000 0.000000 
5965.000000 1274.000000 1949.000000 4365.000000 0.000000 0.000000 0.000000 159.000000 0.000000 0.000000 
1367.000000 0.000000 0.000000 0.000000 0.000000 0.000000 159.000000 0.000000 0.000000 0.000000 
0.000000 2378.000000 0.000000 323.000000 1043.000000 2051.000000 0.000000 0.000000 0.000000 0.000000 
0.000000 0.000000 490.000000 3186.000000 1032.000000 0.000000 0.000000 0.000000 0.000000 0.000000 

0.000000 2512.000000 2492.000000 0.000000 0.000000 4486.000000 5965.000000 1367.000000 0.000000 0.000000 
2512.000000 0.000000 1778.000000 1912.000000 751.000000 1291.000000 1274.000000 0.000000 2635.000000 0.000000 
2492.000000 1778.000000 0.000000 5550.000000 0.000000 1548.000000 1949.000000 0.000000 0.000000 490.000000 
0.000000 1912.000000 5550.000000 0.000000 4730.000000 1872.000000 4365.000000 0.000000 707.000000 3238.000000 
0.000000 751.000000 0.000000 4730.000000 0.000000 1710.000000 0.000000 0.000000 1870.000000 1084.000000 
4486.000000 1291.000000 1548.000000 1872.000000 1710.000000 0.000000 0.000000 0.000000 2149.000000 0.000000 
5965.000000 1274.000000 1949.000000 4365.000000 0.000000 0.000000 0.000000 159.000000 0.000000 0.000000 
1367.000000 0.000000 0.000000 0.000000 0.000000 0.000000 159.000000 0.000000 0.000000 0.000000 
0.000000 2635.000000 0.000000 707.000000 1870.000000 2149.000000 0.000000 0.000000 0.000000 0.000000 
0.000000 0.000000 490.000000 3238.000000 1084.000000 0.000000 0.000000 0.000000 0.000000 0.000000 

0.000000 2512.000000 2492.000000 0.000000 0.000000 4486.000000 5965.000000 1367.000000 0.000000 0.000000 
2512.000000 0.000000 1778.000000 1912.000000 751.000000 1291.000000 1274.000000 0.000000 2635.000000 0.000000 
2492.000000 1778.000000 0.000000 5557.000000 0.000000 1548.000000 1949.000000 0.000000 0.000000 497.000000 
0.000000 1912.000000 5557.000000 0.000000 4791.000000 1872.000000 4365.000000 0.000000 707.000000 4786.000000 
0.000000 751.000000 0.000000 4791.000000 0.000000 1710.000000 0.000000 0.000000 1870.000000 1145.000000 
4486.000000 1291.000000 1548.000000 1872.000000 1710.000000 0.000000 0.000000 0.000000 2149.000000 0.000000 
5965.000000 1274.000000 1949.000000 4365.000000 0.000000 0.000000 0.000000 159.000000 0.000000 0.000000 
1367.000000 0.000000 0.000000 0.000000 0.000000 0.000000 159.000000 0.000000 0.000000 0.000000 
0.000000 2635.000000 0.000000 707.000000 1870.000000 2149.000000 0.000000 0.000000 0.000000 0.000000 
0.000000 0.000000 497.000000 4786.000000 1145.000000 0.000000 0.000000 0.000000 0.000000 0.000000 

0.000000 2512.000000 2492.000000 0.000000 0.000000 4486.000000 5965.000000 1367.000000 0.000000 0.000000 
2512.000000 0.000000 1778.000000 1918.000000 773.000000 1313.000000 1274.000000 0.000000 2641.000000 0.000000 
2492.000000 1778.000000 0.000000 5566.000000 0.000000 1557.000000 1949.000000 0.000000 0.000000 497.000000 
0.000000 1918.000000 5566.000000 0.000000 4846.000000 1912.000000 4365.000000 0.000000 707.000000 4787.000000 
0.000000 773.000000 0.000000 4846.000000 0.000000 2382.000000 0.000000 0.000000 2241.000000 1146.000000 
4486.000000 1313.000000 1557.000000 1912.000000 2382.000000 0.000000 0.000000 0.000000 2526.000000 0.000000 
5965.000000 1274.000000 1949.000000 4365.000000 0.000000 0.000000 0.000000 159.000000 0.000000 0.000000 
1367.000000 0.000000 0.000000 0.000000 0.000000 0.000000 159.000000 0.000000 0.000000 0.000000 
0.000000 2641.000000 0.000000 707.000000 2241.000000 2526.000000 0.000000 0.000000 0.000000 0.000000 
0.000000 0.000000 497.000000 4787.000000 1146.000000 0.000000 0.000000 0.000000 0.000000 0.000000 

0.000000 2513.000000 2598.000000 0.000000 0.000000 4490.000000 6074.000000 1367.000000 0.000000 0.000000 
2513.000000 0.000000 1784.000000 2010.000000 796.000000 1318.000000 1425.000000 0.000000 2662.000000 0.000000 
2598.000000 1784.000000 0.000000 5736.000000 0.000000 1745.000000 2195.000000 0.000000 0.000000 497.000000 
0.000000 2010.000000 5736.000000 0.000000 5345.000000 1924.000000 4715.000000 0.000000 707.000000 4913.000000 
0.000000 796.000000 0.000000 5345.000000 0.000000 2565.000000 0.000000 0.000000 2265.000000 1272.000000 
4490.000000 1318.000000 1745.000000 1924.000000 2565.000000 0.000000 0.000000 0.000000 2528.000000 0.000000 
6074.000000 1425.000000 2195.000000 4715.000000 0.000000 0.000000 0.000000 159.000000 0.000000 0.000000 
1367.000000 0.000000 0.000000 0.000000 0.000000 0.000000 159.000000 0.000000 0.000000 0.000000 
0.000000 2662.000000 0.000000 707.000000 2265.000000 2528.000000 0.000000 0.000000 0.000000 0.000000 
0.000000 0.000000 497.000000 4913.000000 1272.000000 0.000000 0.000000 0.000000 0.000000 0.000000 

0.000000 2523.000000 2813.000000 0.000000 0.000000 4496.000000 6153.000000 1678.000000 0.000000 0.000000 
2523.000000 0.000000 1784.000000 2010.000000 803.000000 1324.000000 1426.000000 0.000000 2672.000000 0.000000 
2813.000000 1784.000000 0.000000 5816.000000 0.000000 1880.000000 2195.000000 0.000000 0.000000 497.000000 
0.000000 2010.000000 5816.000000 0.000000 5493.000000 1941.000000 4810.000000 0.000000 707.000000 4959.000000 
0.000000 803.000000 0.000000 5493.000000 0.000000 2682.000000 0.000000 0.000000 2275.000000 1318.000000 
4496.000000 1324.000000 1880.000000 1941.000000 2682.000000 0.000000 0.000000 0.000000 2528.000000 0.000000 
6153.000000 1426.000000 2195.000000 4810.000000 0.000000 0.000000 0.000000 177.000000 0.000000 0.000000 
1678.000000 0.000000 0.000000 0.000000 0.000000 0.000000 177.000000 0.000000 0.000000 0.000000 
0.000000 2672.000000 0.000000 707.000000 2275.000000 2528.000000 0.000000 0.000000 0.000000 0.000000 
0.000000 0.000000 497.000000 4959.000000 1318.000000 0.000000 0.000000 0.000000 0.000000 0.000000 

0.000000 2523.000000 2813.000000 0.000000 0.000000 4496.000000 6153.000000 1678.000000 0.000000 0.000000 
2523.000000 0.000000 1784.000000 2023.000000 822.000000 1324.000000 1426.000000 0.000000 2704.000000 0.000000 
2813.000000 1784.000000 0.000000 5816.000000 0.000000 1880.000000 2195.000000 0.000000 0.000000 497.000000 
0.000000 2023.000000 5816.000000 0.000000 5526.000000 1941.000000 4810.000000 0.000000 728.000000 4959.000000 
0.000000 822.000000 0.000000 5526.000000 0.000000 2715.000000 0.000000 0.000000 3244.000000 1318.000000 
4496.000000 1324.000000 1880.000000 1941.000000 2715.000000 0.000000 0.000000 0.000000 2560.000000 0.000000 
6153.000000 1426.000000 2195.000000 4810.000000 0.000000 0.000000 0.000000 177.000000 0.000000 0.000000 
