 ----------------   CP     1,     Type (3,-3)   ----------------
 Corresponding nucleus:   295(H )
 Position (Bohr):      -23.774744359949  -17.210967228390   -8.602395354407
 Position (Angstrom):  -12.581052910330   -9.107651634862   -4.552191580730
 Density of all electrons:  0.4212935692E+00
 Density of Alpha electrons:  0.2106467846E+00
 Density of Beta electrons:  0.2106467846E+00
 Spin density of electrons:  0.0000000000E+00
 Lagrangian kinetic energy G(r):  0.4897299023E-02
 G(r) in X,Y,Z:  0.1243577972E-02  0.1686026502E-02  0.1967694548E-02
 Hamiltonian kinetic energy K(r):  0.4632635854E+01
 Potential energy density V(r): -0.4637533153E+01
 Energy density E(r) or H(r): -0.4632635854E+01
 Laplacian of electron density: -0.1851095422E+02
 Electron localization function (ELF):  0.9999478914E+00
 Localized orbital locator (LOL):  0.9928474237E+00
 Local information entropy:  0.2885331206E-02
 Interaction region indicator (IRI):  0.2828577960E-13
 Reduced density gradient (RDG):  0.1000000000E+03
 Reduced density gradient with promolecular approximation:  0.1000000000E+03
 Sign(lambda2)*rho: -0.4212935692E+00
 Sign(lambda2)*rho with promolecular approximation: -0.2944302706E+00
 Corr. hole for alpha, ref.:   0.00000   0.00000   0.00000 : -0.2127321934E-11
 Source function, ref.:   0.00000   0.00000   0.00000 :  0.4816227712E-01
 Wavefunction value for orbital       1 :  0.1149050055E-06
 Average local ionization energy (ALIE):  0.5366087902E+00
 van der Waals potential (probe atom: C ):  0.6294668852E+26 kcal/mol
 Delta-g (under promolecular approximation):  0.1150408001E+00
 Delta-g (under Hirshfeld partition):  0.2102354590E+00
 User-defined real space function:  0.1000000000E+01
 ESP from nuclear charges:  0.7546538203E+02
 
 Note: Below information are for electron density
 
 Components of gradient in x/y/z are:
 -0.9318500832E-14  0.3619934213E-14  0.4418340693E-14
 Norm of gradient is:  0.1092978115E-13
 
 Components of Laplacian in x/y/z are:
 -0.6044647631E+01 -0.6103773067E+01 -0.6362533520E+01
 Total: -0.1851095422E+02
 
 Hessian matrix:
 -0.6044647631E+01  0.2930038104E+00 -0.4599086902E-01
  0.2930038104E+00 -0.6103773067E+01 -0.4057310644E-01
 -0.4599086902E-01 -0.4057310644E-01 -0.6362533520E+01
 Eigenvalues of Hessian: -0.6369562638E+01 -0.6368055522E+01 -0.5773336058E+01
 Eigenvectors (columns) of Hessian:
  0.4971469029E+00 -0.4565299075E+00  0.7378518825E+00
 -0.4332973034E+00  0.6061319590E+00  0.6669763827E+00
  0.7517302733E+00  0.6512944740E+00 -0.1035234483E+00
 Determinant of Hessian: -0.2341764899E+03
 Ellipticity of electron density:    0.000237
 eta index:   -1.103272
 
 ----------------   CP     2,     Type (3,-3)   ----------------
 Corresponding nucleus:   296(H )
 Position (Bohr):      -20.791829679070  -16.731353471521   -9.882604618262
 Position (Angstrom):  -11.002562439141   -8.853850964692   -5.229649148349
 Density of all electrons:  0.4174471604E+00
 Density of Alpha electrons:  0.2087235802E+00
 Density of Beta electrons:  0.2087235802E+00
 Spin density of electrons:  0.0000000000E+00
 Lagrangian kinetic energy G(r):  0.4988651308E-02
 G(r) in X,Y,Z:  0.1470954250E-02  0.1877046335E-02  0.1640650723E-02
 Hamiltonian kinetic energy K(r):  0.4611748174E+01
 Potential energy density V(r): -0.4616736825E+01
 Energy density E(r) or H(r): -0.4611748174E+01
 Laplacian of electron density: -0.1842703809E+02
 Electron localization function (ELF):  0.9999442550E+00
 Localized orbital locator (LOL):  0.9926035859E+00
 Local information entropy:  0.2862300250E-02
 Interaction region indicator (IRI):  0.2324094542E-13
 Reduced density gradient (RDG):  0.1000000000E+03
 Reduced density gradient with promolecular approximation:  0.1000000000E+03
 Sign(lambda2)*rho: -0.4174471604E+00
 Sign(lambda2)*rho with promolecular approximation: -0.2944962681E+00
 Corr. hole for alpha, ref.:   0.00000   0.00000   0.00000 : -0.1080714457E-11
 Source function, ref.:   0.00000   0.00000   0.00000 :  0.5152628508E-01
 Wavefunction value for orbital       1 : -0.1170219989E-06
 Average local ionization energy (ALIE):  0.5473243701E+00
 van der Waals potential (probe atom: C ):  0.8622052456E+26 kcal/mol
 Delta-g (under promolecular approximation):  0.1132080632E+00
 Delta-g (under Hirshfeld partition):  0.2036960323E+00
 User-defined real space function:  0.1000000000E+01
 ESP from nuclear charges:  0.7820158125E+02
 
 Note: Below information are for electron density
 
 Components of gradient in x/y/z are:
  0.7100223187E-14  0.5350104040E-14  0.1734723476E-16
 Norm of gradient is:  0.8890280281E-14
 
 Components of Laplacian in x/y/z are:
 -0.6026317320E+01 -0.6224289971E+01 -0.6176430798E+01
 Total: -0.1842703809E+02
 
 Hessian matrix:
 -0.6026317320E+01 -0.1826429261E+00 -0.2191075897E+00
 -0.1826429261E+00 -0.6224289971E+01  0.1307761603E+00
 -0.2191075897E+00  0.1307761603E+00 -0.6176430798E+01
 Eigenvalues of Hessian: -0.6333307912E+01 -0.6332852447E+01 -0.5760877730E+01
 Eigenvectors (columns) of Hessian:
  0.7815787788E-02 -0.6811861749E+00 -0.7320685136E+00
 -0.7626929393E+00 -0.4775283676E+00  0.4361950693E+00
  0.6467135330E+00 -0.5549342783E+00  0.5232681463E+00
 Determinant of Hessian: -0.2310567339E+03
 Ellipticity of electron density:    0.000072
 eta index:   -1.099365
 
 ----------------   CP     3,     Type (3,-3)   ----------------
 Corresponding nucleus:   293(C )
 Position (Bohr):      -22.282787075552  -15.867593870198   -8.813733653162
 Position (Angstrom):  -11.791543115786   -8.396769067973   -4.664026992222
 Density of all electrons:  0.1175633426E+03
 Density of Alpha electrons:  0.5878167132E+02
 Density of Beta electrons:  0.5878167132E+02
 Spin density of electrons:  0.0000000000E+00
 Lagrangian kinetic energy G(r):  0.5332227564E+01
 G(r) in X,Y,Z:  0.1817250736E+01  0.1753942394E+01  0.1761034433E+01
 Hamiltonian kinetic energy K(r):  0.1086593064E+06
 Potential energy density V(r): -0.1086646386E+06
 Energy density E(r) or H(r): -0.1086593064E+06
 Laplacian of electron density: -0.4346158966E+06
 Electron localization function (ELF):  0.9999995667E+00
 Localized orbital locator (LOL):  0.9993421890E+00
 Local information entropy:  0.2324564693E+00
 Interaction region indicator (IRI):  0.6165153876E-12
 Reduced density gradient (RDG):  0.1000000000E+03
 Reduced density gradient with promolecular approximation:  0.1000000000E+03
 Sign(lambda2)*rho: -0.1175633426E+03
 Sign(lambda2)*rho with promolecular approximation: -0.1213949136E+03
 Corr. hole for alpha, ref.:   0.00000   0.00000   0.00000 : -0.2565324577E-10
 Source function, ref.:   0.00000   0.00000   0.00000 :  0.1203399020E+04
 Wavefunction value for orbital       1 : -0.7702636769E-07
 Average local ionization energy (ALIE):  0.9926283452E+01
 van der Waals potential (probe atom: C ):  0.5383139474E+83 kcal/mol
 Delta-g (under promolecular approximation):  0.4026262859E-01
 Delta-g (under Hirshfeld partition):  0.5150855267E-01
 User-defined real space function:  0.1000000000E+01
 ESP from nuclear charges:  0.7798339509E+07
 
 Note: Below information are for electron density
 
 Components of gradient in x/y/z are:
  0.1022936319E-09  0.5228395494E-10  0.2078687222E-10
 Norm of gradient is:  0.1167462767E-09
 
 Components of Laplacian in x/y/z are:
 -0.1448718261E+06 -0.1448720299E+06 -0.1448720406E+06
 Total: -0.4346158966E+06
 
 Hessian matrix:
 -0.1448718261E+06  0.1296735260E+00  0.2391813991E-01
  0.1296735260E+00 -0.1448720299E+06  0.5973784204E-01
  0.2391813991E-01  0.5973784204E-01 -0.1448720406E+06
 Eigenvalues of Hessian: -0.1448721190E+06 -0.1448720227E+06 -0.1448717550E+06
 Eigenvectors (columns) of Hessian:
 -0.3117759018E+00 -0.3653695619E+00 -0.8770979821E+00
  0.7989533812E+00  0.3988166074E+00 -0.4501319899E+00
 -0.5142657696E+00  0.8411007056E+00 -0.1675718394E+00
 Determinant of Hessian: -0.3040556356E+16
 Ellipticity of electron density:    0.000001
 eta index:   -1.000003
 
 ----------------   CP     4,     Type (3,-3)   ----------------
 Corresponding nucleus:   294(H )
 Position (Bohr):      -21.534389580602  -15.368536421792   -7.004528539215
 Position (Angstrom):  -11.395508216762   -8.132679239345   -3.706636876072
 Density of all electrons:  0.4251498820E+00
 Density of Alpha electrons:  0.2125749410E+00
 Density of Beta electrons:  0.2125749410E+00
 Spin density of electrons:  0.0000000000E+00
 Lagrangian kinetic energy G(r):  0.5196873141E-02
 G(r) in X,Y,Z:  0.2038409375E-02  0.1929630468E-02  0.1228833298E-02
 Hamiltonian kinetic energy K(r):  0.4697279592E+01
 Potential energy density V(r): -0.4702476465E+01
 Energy density E(r) or H(r): -0.4697279592E+01
 Laplacian of electron density: -0.1876833088E+02
 Electron localization function (ELF):  0.9999430904E+00
 Localized orbital locator (LOL):  0.9925267022E+00
 Local information entropy:  0.2908390968E-02
 Interaction region indicator (IRI):  0.1525595518E-13
 Reduced density gradient (RDG):  0.1000000000E+03
 Reduced density gradient with promolecular approximation:  0.1000000000E+03
 Sign(lambda2)*rho: -0.4251498820E+00
 Sign(lambda2)*rho with promolecular approximation: -0.2950994583E+00
 Corr. hole for alpha, ref.:   0.00000   0.00000   0.00000 : -0.4669721160E-13
 Source function, ref.:   0.00000   0.00000   0.00000 :  0.5457316604E-01
 Wavefunction value for orbital       1 : -0.4797777021E-07
 Average local ionization energy (ALIE):  0.5481689510E+00
 van der Waals potential (probe atom: C ):  0.9382914660E+26 kcal/mol
 Delta-g (under promolecular approximation):  0.1148230990E+00
 Delta-g (under Hirshfeld partition):  0.2094038183E+00
 User-defined real space function:  0.1000000000E+01
 ESP from nuclear charges:  0.8209595100E+02
 
 Note: Below information are for electron density
 
 Components of gradient in x/y/z are:
  0.5467848396E-14 -0.1275021755E-14  0.1982788933E-14
 Norm of gradient is:  0.5954368020E-14
 
 Components of Laplacian in x/y/z are:
 -0.6369772599E+01 -0.6416699602E+01 -0.5981858675E+01
 Total: -0.1876833088E+02
 
 Hessian matrix:
 -0.6369772599E+01  0.5084545125E-01  0.1917554831E+00
  0.5084545125E-01 -0.6416699602E+01  0.1243473556E+00
  0.1917554831E+00  0.1243473556E+00 -0.5981858675E+01
 Eigenvalues of Hessian: -0.6449755410E+01 -0.6448519239E+01 -0.5870056227E+01
 Eigenvectors (columns) of Hessian:
  0.7871288580E-01  0.9260994700E+00  0.3689770362E+00
  0.9549759511E+00 -0.1762521753E+00  0.2386547792E+00
 -0.2860510698E+00 -0.3335789897E+00  0.8982760395E+00
 Determinant of Hessian: -0.2441436913E+03
 Ellipticity of electron density:    0.000192
 eta index:   -1.098755
 
 ----------------   CP     5,     Type (3,-3)   ----------------
 Corresponding nucleus:    20(H )
 Position (Bohr):      -19.802801477932  -11.106065962648    1.903735956196
 Position (Angstrom):  -10.479191254158   -5.877077010219    1.007413683595
 Density of all electrons:  0.3992348258E+00
 Density of Alpha electrons:  0.1996174129E+00
 Density of Beta electrons:  0.1996174129E+00
 Spin density of electrons:  0.0000000000E+00
 Lagrangian kinetic energy G(r):  0.1020720195E-01
 G(r) in X,Y,Z:  0.2101541264E-02  0.4654294931E-02  0.3451365752E-02
 Hamiltonian kinetic energy K(r):  0.4159707282E+01
 Potential energy density V(r): -0.4169914484E+01
 Energy density E(r) or H(r): -0.4159707282E+01
 Laplacian of electron density: -0.1659800032E+02
 Electron localization function (ELF):  0.9997298232E+00
 Localized orbital locator (LOL):  0.9838421766E+00
 Local information entropy:  0.2752829993E-02
 Interaction region indicator (IRI):  0.9996661965E-14
 Reduced density gradient (RDG):  0.1000000000E+03
 Reduced density gradient with promolecular approximation:  0.1000000000E+03
 Sign(lambda2)*rho: -0.3992348258E+00
 Sign(lambda2)*rho with promolecular approximation: -0.2944635328E+00
 Corr. hole for alpha, ref.:   0.00000   0.00000   0.00000 : -0.4831494001E-10
 Source function, ref.:   0.00000   0.00000   0.00000 :  0.5797117238E-01
 Wavefunction value for orbital       1 : -0.3567900145E-05
 Average local ionization energy (ALIE):  0.7128149033E+00
 van der Waals potential (probe atom: C ):  0.4857435632E+24 kcal/mol
 Delta-g (under promolecular approximation):  0.1881559322E+00
 Delta-g (under Hirshfeld partition):  0.3317871589E+00
 User-defined real space function:  0.1000000000E+01
 ESP from nuclear charges:  0.8305372843E+02
 
 Note: Below information are for electron density
 
 Components of gradient in x/y/z are:
  0.2926912185E-14 -0.2132788304E-14 -0.3747002708E-15
 Norm of gradient is:  0.3640879177E-14
 
 Components of Laplacian in x/y/z are:
 -0.5441281181E+01 -0.5664379247E+01 -0.5492339892E+01
 Total: -0.1659800032E+02
 
 Hessian matrix:
 -0.5441281181E+01 -0.3174368006E+00  0.4266842491E+00
 -0.3174368006E+00 -0.5664379247E+01 -0.2890244117E+00
  0.4266842491E+00 -0.2890244117E+00 -0.5492339892E+01
 Eigenvalues of Hessian: -0.5897189841E+01 -0.5879901001E+01 -0.4820909479E+01
 Eigenvectors (columns) of Hessian:
 -0.7589553575E+00 -0.1991419614E-01  0.6508380675E+00
 -0.3676514228E+00 -0.8118557047E+00 -0.4535666942E+00
  0.5374190140E+00 -0.5835184141E+00  0.6088407541E+00
 Determinant of Hessian: -0.1671645177E+03
 Ellipticity of electron density:    0.002940
 eta index:   -1.223253
 
 ----------------   CP     6,     Type (3,-3)   ----------------
 Corresponding nucleus:   163(O )
 Position (Bohr):      -10.403693849286  -11.387300543779    4.694479985857
 Position (Angstrom):   -5.505397694254   -6.025899941471    2.484211825556
 Density of all electrons:  0.2901598698E+03
 Density of Alpha electrons:  0.1450799349E+03
 Density of Beta electrons:  0.1450799349E+03
 Spin density of electrons:  0.0000000000E+00
 Lagrangian kinetic energy G(r):  0.4606898834E+02
 G(r) in X,Y,Z:  0.1483225610E+02  0.1492373765E+02  0.1631299459E+02
 Hamiltonian kinetic energy K(r):  0.4799340244E+06
 Potential energy density V(r): -0.4799800934E+06
 Energy density E(r) or H(r): -0.4799340244E+06
 Laplacian of electron density: -0.1919551822E+07
 Electron localization function (ELF):  0.9999984082E+00
 Localized orbital locator (LOL):  0.9987399235E+00
 Local information entropy:  0.3469591671E+00
 Interaction region indicator (IRI):  0.1132515908E-11
 Reduced density gradient (RDG):  0.1000000000E+03
 Reduced density gradient with promolecular approximation:  0.1000000000E+03
 Sign(lambda2)*rho: -0.2901598698E+03
 Sign(lambda2)*rho with promolecular approximation: -0.2923590080E+03
 Corr. hole for alpha, ref.:   0.00000   0.00000   0.00000 : -0.3434109187E-04
 Source function, ref.:   0.00000   0.00000   0.00000 :  0.9474335078E+04
 Wavefunction value for orbital       1 :  0.1255031889E-04
 Average local ionization energy (ALIE):  0.1821499240E+02
 van der Waals potential (probe atom: C ):  0.4275815237E+71 kcal/mol
 Delta-g (under promolecular approximation):  0.3967872209E-01
 Delta-g (under Hirshfeld partition):  0.6266914851E-01
 User-defined real space function:  0.1000000000E+01
 ESP from nuclear charges:  0.1095245311E+07
 
 Note: Below information are for electron density
 
 Components of gradient in x/y/z are:
 -0.4520674945E-09 -0.2531692633E-09  0.2592170922E-09
 Norm of gradient is:  0.5793558461E-09
 
 Components of Laplacian in x/y/z are:
 -0.6398528409E+06 -0.6398522912E+06 -0.6398466894E+06
 Total: -0.1919551822E+07
 
 Hessian matrix:
 -0.6398528409E+06  0.4511978248E+01  0.1576334696E+00
  0.4511978248E+01 -0.6398522912E+06  0.8792018661E+00
  0.1576334696E+00  0.8792018661E+00 -0.6398466894E+06
 Eigenvalues of Hessian: -0.6398571093E+06 -0.6398483730E+06 -0.6398463392E+06
 Eigenvectors (columns) of Hessian:
 -0.7248156191E+00  0.6440129967E+00  0.2447234734E+00
  0.6873357742E+00  0.6517170830E+00  0.3206779962E+00
 -0.4703032912E-01 -0.4006396184E+00  0.9150278926E+00
 Determinant of Hessian: -0.2619604689E+18
 Ellipticity of electron density:    0.000014
 eta index:   -1.000017
 
 ----------------   CP     7,     Type (3,-3)   ----------------
 Corresponding nucleus:   292(C )
 Position (Bohr):      -23.223528905240  -13.563900161581  -10.197131946874
 Position (Angstrom):  -12.289362253400   -7.177706856472   -5.396089842857
 Density of all electrons:  0.1177952203E+03
 Density of Alpha electrons:  0.5889761017E+02
 Density of Beta electrons:  0.5889761017E+02
 Spin density of electrons:  0.0000000000E+00
 Lagrangian kinetic energy G(r):  0.4842961392E+01
 G(r) in X,Y,Z:  0.1642490488E+01  0.1834720007E+01  0.1365750897E+01
 Hamiltonian kinetic energy K(r):  0.1088593561E+06
 Potential energy density V(r): -0.1088641990E+06
 Energy density E(r) or H(r): -0.1088593561E+06
 Laplacian of electron density: -0.4354180524E+06
 Electron localization function (ELF):  0.9999996449E+00
 Localized orbital locator (LOL):  0.9994044692E+00
 Local information entropy:  0.2327141742E+00
 Interaction region indicator (IRI):  0.1158978090E-11
 Reduced density gradient (RDG):  0.1000000000E+03
 Reduced density gradient with promolecular approximation:  0.1000000000E+03
 Sign(lambda2)*rho: -0.1177952203E+03
 Sign(lambda2)*rho with promolecular approximation: -0.1213899290E+03
 Corr. hole for alpha, ref.:   0.00000   0.00000   0.00000 : -0.1251669028E-09
 Source function, ref.:   0.00000   0.00000   0.00000 :  0.1204666530E+04
 Wavefunction value for orbital       1 : -0.4242678988E-05
 Average local ionization energy (ALIE):  0.9995307788E+01
 van der Waals potential (probe atom: C ):  0.8391425447E+77 kcal/mol
 Delta-g (under promolecular approximation):  0.5696648318E-01
 Delta-g (under Hirshfeld partition):  0.6888701668E-01
 User-defined real space function:  0.1000000000E+01
 ESP from nuclear charges:  0.2559027666E+07
 
 Note: Below information are for electron density
 
 Components of gradient in x/y/z are:
  0.1698992058E-09  0.1121500670E-09 -0.8326328516E-10
 Norm of gradient is:  0.2199457941E-09
 
 Components of Laplacian in x/y/z are:
 -0.1451393505E+06 -0.1451384836E+06 -0.1451402184E+06
 Total: -0.4354180524E+06
 
 Hessian matrix:
 -0.1451393505E+06  0.5081023661E+00  0.9767495756E+00
  0.5081023661E+00 -0.1451384836E+06 -0.6130657134E+00
  0.9767495756E+00 -0.6130657134E+00 -0.1451402184E+06
 Eigenvalues of Hessian: -0.1451410933E+06 -0.1451387312E+06 -0.1451382279E+06
 Eigenvectors (columns) of Hessian:
 -0.5308762394E+00 -0.7912027074E+00  0.3035929746E+00
  0.2903873417E+00  0.1667183493E+00  0.9422739431E+00
  0.7961442144E+00 -0.5883904043E+00 -0.1412484406E+00
 Determinant of Hessian: -0.3057423002E+16
 Ellipticity of electron density:    0.000016
 eta index:   -1.000020
 
 ----------------   CP     8,     Type (3,-3)   ----------------
 Corresponding nucleus:    21(O )
 Position (Bohr):      -25.186615008922  -13.573815219626  -11.498864003705
 Position (Angstrom):  -13.328182682509   -7.182953679234   -6.084936782034
 Density of all electrons:  0.2904116307E+03
 Density of Alpha electrons:  0.1452058154E+03
 Density of Beta electrons:  0.1452058154E+03
 Spin density of electrons:  0.0000000000E+00
 Lagrangian kinetic energy G(r):  0.4569715317E+02
 G(r) in X,Y,Z:  0.1376758596E+02  0.1843384865E+02  0.1349571856E+02
 Hamiltonian kinetic energy K(r):  0.4803666522E+06
 Potential energy density V(r): -0.4804123493E+06
 Energy density E(r) or H(r): -0.4803666522E+06
 Laplacian of electron density: -0.1921283820E+07
 Electron localization function (ELF):  0.9999984383E+00
 Localized orbital locator (LOL):  0.9987518844E+00
 Local information entropy:  0.3470423299E+00
 Interaction region indicator (IRI):  0.1662158099E-11
 Reduced density gradient (RDG):  0.1000000000E+03
 Reduced density gradient with promolecular approximation:  0.1000000000E+03
 Sign(lambda2)*rho: -0.2904116307E+03
 Sign(lambda2)*rho with promolecular approximation: -0.2923528263E+03
 Corr. hole for alpha, ref.:   0.00000   0.00000   0.00000 : -0.4984721737E-12
 Source function, ref.:   0.00000   0.00000   0.00000 :  0.4958249963E+04
 Wavefunction value for orbital       1 :  0.1413709055E-05
 Average local ionization energy (ALIE):  0.1834315780E+02
 van der Waals potential (probe atom: C ):  0.1157294307E+70 kcal/mol
 Delta-g (under promolecular approximation):  0.5598752679E-01
 Delta-g (under Hirshfeld partition):  0.8332955246E-01
 User-defined real space function:  0.1000000000E+01
 ESP from nuclear charges:  0.8107300750E+06
 
 Note: Below information are for electron density
 
 Components of gradient in x/y/z are:
 -0.4989970659E-09  0.4914044727E-09 -0.4836513412E-09
 Norm of gradient is:  0.8511140037E-09
 
 Components of Laplacian in x/y/z are:
 -0.6404337740E+06 -0.6404151241E+06 -0.6404349219E+06
 Total: -0.1921283820E+07
 
 Hessian matrix:
 -0.6404337740E+06  0.4099083228E+01  0.1438703288E+01
  0.4099083228E+01 -0.6404151241E+06 -0.6357358765E+01
  0.1438703288E+01 -0.6357358765E+01 -0.6404349219E+06
 Eigenvalues of Hessian: -0.6404383588E+06 -0.6404327998E+06 -0.6404126614E+06
 Eigenvectors (columns) of Hessian:
  0.5254417323E+00 -0.8343103999E+00  0.1668446657E+00
 -0.3095449598E+00 -0.4794137114E-02  0.9508727224E+00
 -0.7925231251E+00 -0.5512741358E+00 -0.2607756189E+00
 Determinant of Hessian: -0.2626702043E+18
 Ellipticity of electron density:    0.000009
 eta index:   -1.000040
 
 ----------------   CP     9,     Type (3,-3)   ----------------
 Corresponding nucleus:    19(H )
 Position (Bohr):      -22.815439675292  -10.374531043559    1.154719172672
 Position (Angstrom):  -12.073410732897   -5.489965402057    0.611051071171
 Density of all electrons:  0.4114505490E+00
 Density of Alpha electrons:  0.2057252745E+00
 Density of Beta electrons:  0.2057252745E+00
 Spin density of electrons:  0.0000000000E+00
 Lagrangian kinetic energy G(r):  0.1050680934E-01
 G(r) in X,Y,Z:  0.1754327097E-02  0.4884999260E-02  0.3867482984E-02
 Hamiltonian kinetic energy K(r):  0.4353552190E+01
 Potential energy density V(r): -0.4364058999E+01
 Energy density E(r) or H(r): -0.4353552190E+01
 Laplacian of electron density: -0.1737218152E+02
 Electron localization function (ELF):  0.9997411035E+00
 Localized orbital locator (LOL):  0.9841773381E+00
 Local information entropy:  0.2826333366E-02
 Interaction region indicator (IRI):  0.1539034853E-13
 Reduced density gradient (RDG):  0.1000000000E+03
 Reduced density gradient with promolecular approximation:  0.1000000000E+03
 Sign(lambda2)*rho: -0.4114505490E+00
 Sign(lambda2)*rho with promolecular approximation: -0.2955775333E+00
 Corr. hole for alpha, ref.:   0.00000   0.00000   0.00000 : -0.7611723568E-10
 Source function, ref.:   0.00000   0.00000   0.00000 :  0.5509899472E-01
 Wavefunction value for orbital       1 :  0.5051033780E-05
 Average local ionization energy (ALIE):  0.7266133574E+00
 van der Waals potential (probe atom: C ):  0.1021835699E+25 kcal/mol
 Delta-g (under promolecular approximation):  0.1863017695E+00
 Delta-g (under Hirshfeld partition):  0.3319765528E+00
 User-defined real space function:  0.1000000000E+01
 ESP from nuclear charges:  0.7975989836E+02
 
 Note: Below information are for electron density
 
 Components of gradient in x/y/z are:
  0.5610095721E-14 -0.1183081411E-14  0.8370040772E-15
 Norm of gradient is:  0.5794258490E-14
 
 Components of Laplacian in x/y/z are:
 -0.5156817075E+01 -0.6126080398E+01 -0.6089284047E+01
 Total: -0.1737218152E+02
 
 Hessian matrix:
 -0.5156817075E+01  0.6660022648E-01 -0.2116059728E+00
  0.6660022648E-01 -0.6126080398E+01 -0.6393704058E-02
 -0.2116059728E+00 -0.6393704058E-02 -0.6089284047E+01
 Eigenvalues of Hessian: -0.6140887505E+01 -0.6124581549E+01 -0.5106712467E+01
 Eigenvectors (columns) of Hessian:
  0.2070926021E+00  0.7517056652E-01  0.9754291569E+00
 -0.5967092900E+00  0.7998165755E+00  0.6504974144E-01
  0.7752745819E+00  0.5955189599E+00 -0.2104910712E+00
 Determinant of Hessian: -0.1920653265E+03
 Ellipticity of electron density:    0.002662
 eta index:   -1.202513
 
 ----------------   CP    10,     Type (3,-3)   ----------------
 Corresponding nucleus:    18(N )
 Position (Bohr):      -21.005878432932  -10.269946656626    0.776884468018
 Position (Angstrom):  -11.115832161707   -5.434621727876    0.411109555980
 Density of all electrons:  0.1903104238E+03
 Density of Alpha electrons:  0.9515521189E+02
 Density of Beta electrons:  0.9515521189E+02
 Spin density of electrons:  0.0000000000E+00
 Lagrangian kinetic energy G(r):  0.1798550829E+02
 G(r) in X,Y,Z:  0.5400500792E+01  0.6589987110E+01  0.5995020384E+01
 Hamiltonian kinetic energy K(r):  0.2401291700E+06
 Potential energy density V(r): -0.2401471555E+06
 Energy density E(r) or H(r): -0.2401291700E+06
 Laplacian of electron density: -0.9604447378E+06
 Electron localization function (ELF):  0.9999990103E+00
 Localized orbital locator (LOL):  0.9990061565E+00
 Local information entropy:  0.2970002419E+00
 Interaction region indicator (IRI):  0.1656302053E-11
 Reduced density gradient (RDG):  0.1000000000E+03
 Reduced density gradient with promolecular approximation:  0.1000000000E+03
 Sign(lambda2)*rho: -0.1903104238E+03
 Sign(lambda2)*rho with promolecular approximation: -0.1931705990E+03
 Corr. hole for alpha, ref.:   0.00000   0.00000   0.00000 : -0.7518452612E-08
 Source function, ref.:   0.00000   0.00000   0.00000 :  0.3266938452E+04
 Wavefunction value for orbital       1 :  0.8677277349E-05
 Average local ionization energy (ALIE):  0.1395975556E+02
 van der Waals potential (probe atom: C ):  0.6789833318E+79 kcal/mol
 Delta-g (under promolecular approximation):  0.5197112052E-01
 Delta-g (under Hirshfeld partition):  0.7303019404E-01
 User-defined real space function:  0.1000000000E+01
 ESP from nuclear charges:  0.4494325471E+07
 
 Note: Below information are for electron density
 
 Components of gradient in x/y/z are:
 -0.5275332116E-09  0.7285838599E-10  0.1598426946E-10
 Norm of gradient is:  0.5327805651E-09
 
 Components of Laplacian in x/y/z are:
 -0.3201509536E+06 -0.3201455637E+06 -0.3201482204E+06
 Total: -0.9604447378E+06
 
 Hessian matrix:
 -0.3201509536E+06 -0.6389846013E-01  0.7272576037E+00
 -0.6389846013E-01 -0.3201455637E+06  0.4484876605E+01
  0.7272576037E+00  0.4484876605E+01 -0.3201482204E+06
 Eigenvalues of Hessian: -0.3201519589E+06 -0.3201505811E+06 -0.3201421977E+06
 Eigenvectors (columns) of Hessian:
 -0.5311623249E+00 -0.8461260926E+00  0.4401386226E-01
 -0.4900271973E+00  0.3491664064E+00  0.7987215826E+00
  0.6911873339E+00 -0.4026828232E+00  0.6000888379E+00
 Determinant of Hessian: -0.3281356224E+17
 Ellipticity of electron density:    0.000004
 eta index:   -1.000030
 
 ----------------   CP    11,     Type (3,-3)   ----------------
 Corresponding nucleus:   168(H )
 Position (Bohr):       -7.522944734324  -10.297021605770    4.065081770394
 Position (Angstrom):   -3.980970912287   -5.448949173949    2.151148633349
 Density of all electrons:  0.3500546413E+00
 Density of Alpha electrons:  0.1750273206E+00
 Density of Beta electrons:  0.1750273206E+00
 Spin density of electrons:  0.0000000000E+00
 Lagrangian kinetic energy G(r):  0.2819760246E-01
 G(r) in X,Y,Z:  0.1505459268E-01  0.6193989654E-02  0.6949020123E-02
 Hamiltonian kinetic energy K(r):  0.3589659772E+01
 Potential energy density V(r): -0.3617857374E+01
 Energy density E(r) or H(r): -0.3589659772E+01
 Laplacian of electron density: -0.1424584868E+02
 Electron localization function (ELF):  0.9968175759E+00
 Localized orbital locator (LOL):  0.9465368293E+00
 Local information entropy:  0.2453527853E-02
 Interaction region indicator (IRI):  0.1208606927E-13
 Reduced density gradient (RDG):  0.1000000000E+03
 Reduced density gradient with promolecular approximation:  0.1000000000E+03
 Sign(lambda2)*rho: -0.3500546413E+00
 Sign(lambda2)*rho with promolecular approximation: -0.2851848253E+00
 Corr. hole for alpha, ref.:   0.00000   0.00000   0.00000 : -0.5443858137E-04
 Source function, ref.:   0.00000   0.00000   0.00000 :  0.8469781142E-01
 Wavefunction value for orbital       1 :  0.1999874771E-05
 Average local ionization energy (ALIE):  0.5920885689E+00
 van der Waals potential (probe atom: C ):  0.3082845235E+24 kcal/mol
 Delta-g (under promolecular approximation):  0.1965965554E+00
 Delta-g (under Hirshfeld partition):  0.2992422501E+00
 User-defined real space function:  0.1000000000E+01
 ESP from nuclear charges:  0.9824627168E+02
 
 Note: Below information are for electron density
 
 Components of gradient in x/y/z are:
 -0.8951173136E-15 -0.3114696001E-14 -0.2001870891E-14
 Norm of gradient is:  0.3809206381E-14
 
 Components of Laplacian in x/y/z are:
 -0.4268204836E+01 -0.4951466787E+01 -0.5026177054E+01
 Total: -0.1424584868E+02
 
 Hessian matrix:
 -0.4268204836E+01  0.4049887666E+00 -0.3042673904E+00
  0.4049887666E+00 -0.4951466787E+01 -0.1371658467E+00
 -0.3042673904E+00 -0.1371658467E+00 -0.5026177054E+01
 Eigenvalues of Hessian: -0.5141145732E+01 -0.5130573911E+01 -0.3974129033E+01
 Eigenvectors (columns) of Hessian:
 -0.4925108939E+00  0.9751166835E-01  0.8648262796E+00
  0.7942152167E+00  0.4567039309E+00  0.4008038287E+00
 -0.3558865114E+00  0.8842584430E+00 -0.3023769120E+00
 Determinant of Hessian: -0.1048257134E+03
 Ellipticity of electron density:    0.002061
 eta index:   -1.293653
 
 ----------------   CP    12,     Type (3,-3)   ----------------
 Corresponding nucleus:   330(H )
 Position (Bohr):       -3.396718046401   -9.881739189283    7.113065355307
 Position (Angstrom):   -1.797465782018   -5.229191183056    3.764072085692
 Density of all electrons:  0.4099899886E+00
 Density of Alpha electrons:  0.2049949943E+00
 Density of Beta electrons:  0.2049949943E+00
 Spin density of electrons:  0.0000000000E+00
 Lagrangian kinetic energy G(r):  0.1162203943E-01
 G(r) in X,Y,Z:  0.2888054587E-02  0.3369052988E-02  0.5364931854E-02
 Hamiltonian kinetic energy K(r):  0.4319672946E+01
 Potential energy density V(r): -0.4331294985E+01
 Energy density E(r) or H(r): -0.4319672946E+01
 Laplacian of electron density: -0.1723220363E+02
 Electron localization function (ELF):  0.9996795272E+00
 Localized orbital locator (LOL):  0.9824251693E+00
 Local information entropy:  0.2817561710E-02
 Interaction region indicator (IRI):  0.8541963530E-14
 Reduced density gradient (RDG):  0.1000000000E+03
 Reduced density gradient with promolecular approximation:  0.1000000000E+03
 Sign(lambda2)*rho: -0.4099899886E+00
 Sign(lambda2)*rho with promolecular approximation: -0.2946797256E+00
 Corr. hole for alpha, ref.:   0.00000   0.00000   0.00000 : -0.1832104229E-04
 Source function, ref.:   0.00000   0.00000   0.00000 :  0.1084842792E+00
 Wavefunction value for orbital       1 : -0.1746117492E-06
 Average local ionization energy (ALIE):  0.5567086987E+00
 van der Waals potential (probe atom: C ):  0.1188540585E+25 kcal/mol
 Delta-g (under promolecular approximation):  0.1778284439E+00
 Delta-g (under Hirshfeld partition):  0.3178443606E+00
 User-defined real space function:  0.1000000000E+01
 ESP from nuclear charges:  0.9503954614E+02
 
 Note: Below information are for electron density
 
 Components of gradient in x/y/z are:
  0.5915407053E-15 -0.2697278165E-14 -0.1623701174E-14
 Norm of gradient is:  0.3203378748E-14
 
 Components of Laplacian in x/y/z are:
 -0.5519384252E+01 -0.5876478584E+01 -0.5836340791E+01
 Total: -0.1723220363E+02
 
 Hessian matrix:
 -0.5519384252E+01  0.3416934914E+00  0.3641427591E+00
  0.3416934914E+00 -0.5876478584E+01  0.2172915819E+00
  0.3641427591E+00  0.2172915819E+00 -0.5836340791E+01
 Eigenvalues of Hessian: -0.6084002927E+01 -0.6072264933E+01 -0.5075935766E+01
 Eigenvectors (columns) of Hessian:
  0.5943764070E+00 -0.2960352668E+00 -0.7477163952E+00
 -0.7819322835E+00 -0.4299662131E+00 -0.4513435050E+00
 -0.1878791920E+00  0.8529315191E+00 -0.4870413051E+00
 Determinant of Hessian: -0.1875237346E+03
 Ellipticity of electron density:    0.001933
 eta index:   -1.198597
 
 ----------------   CP    13,     Type (3,-3)   ----------------
 Corresponding nucleus:     4(H )
 Position (Bohr):      -22.437999275316  -11.072430865150   -6.010129967763
 Position (Angstrom):  -11.873677874755   -5.859278083136   -3.180423813505
 Density of all electrons:  0.4338846151E+00
 Density of Alpha electrons:  0.2169423076E+00
 Density of Beta electrons:  0.2169423076E+00
 Spin density of electrons:  0.0000000000E+00
 Lagrangian kinetic energy G(r):  0.5326571203E-02
 G(r) in X,Y,Z:  0.2014677583E-02  0.1645118582E-02  0.1666775038E-02
 Hamiltonian kinetic energy K(r):  0.4802836928E+01
 Potential energy density V(r): -0.4808163499E+01
 Energy density E(r) or H(r): -0.4802836928E+01
 Laplacian of electron density: -0.1919004143E+02
 Electron localization function (ELF):  0.9999441381E+00
 Localized orbital locator (LOL):  0.9925949591E+00
 Local information entropy:  0.2960510967E-02
 Interaction region indicator (IRI):  0.1360139121E-13
 Reduced density gradient (RDG):  0.1000000000E+03
 Reduced density gradient with promolecular approximation:  0.1000000000E+03
 Sign(lambda2)*rho: -0.4338846151E+00
 Sign(lambda2)*rho with promolecular approximation: -0.2955568597E+00
 Corr. hole for alpha, ref.:   0.00000   0.00000   0.00000 : -0.9625384293E-12
 Source function, ref.:   0.00000   0.00000   0.00000 :  0.5934397616E-01
 Wavefunction value for orbital       1 : -0.6612811898E-06
 Average local ionization energy (ALIE):  0.5467079117E+00
 van der Waals potential (probe atom: C ):  0.1251812656E+27 kcal/mol
 Delta-g (under promolecular approximation):  0.1136159420E+00
 Delta-g (under Hirshfeld partition):  0.2100959524E+00
 User-defined real space function:  0.1000000000E+01
 ESP from nuclear charges:  0.8954338323E+02
 
 Note: Below information are for electron density
 
 Components of gradient in x/y/z are:
 -0.3316357605E-14  0.3627306788E-14  0.2305447500E-14
 Norm of gradient is:  0.5428689573E-14
 
 Components of Laplacian in x/y/z are:
 -0.6586343523E+01 -0.6340953757E+01 -0.6262744146E+01
 Total: -0.1919004143E+02
 
 Hessian matrix:
 -0.6586343523E+01  0.2680370368E-01 -0.3172933271E-01
  0.2680370368E-01 -0.6340953757E+01 -0.2852791798E+00
 -0.3172933271E-01 -0.2852791798E+00 -0.6262744146E+01
 Eigenvalues of Hessian: -0.6590262829E+01 -0.6588873803E+01 -0.6010904795E+01
 Eigenvectors (columns) of Hessian:
 -0.5783398988E+00 -0.8126138293E+00 -0.7198420565E-01
 -0.5865824400E+00  0.4755456925E+00 -0.6555740503E+00
 -0.5669603183E+00  0.3369199589E+00  0.7516920504E+00
 Determinant of Hessian: -0.2610079731E+03
 Ellipticity of electron density:    0.000211
 eta index:   -1.096384
 
 ----------------   CP    14,     Type (3,-3)   ----------------
 Corresponding nucleus:   162(O )
 Position (Bohr):      -14.311243901870   -9.604925577200    2.506208115496
 Position (Angstrom):   -7.573184132544   -5.082707727874    1.326228220500
 Density of all electrons:  0.2900350188E+03
 Density of Alpha electrons:  0.1450175094E+03
 Density of Beta electrons:  0.1450175094E+03
 Spin density of electrons:  0.0000000000E+00
 Lagrangian kinetic energy G(r):  0.4648156533E+02
 G(r) in X,Y,Z:  0.1521923620E+02  0.1596074411E+02  0.1530158502E+02
 Hamiltonian kinetic energy K(r):  0.4797433762E+06
 Potential energy density V(r): -0.4797898577E+06
 Energy density E(r) or H(r): -0.4797433762E+06
 Laplacian of electron density: -0.1918787578E+07
 Electron localization function (ELF):  0.9999983772E+00
 Localized orbital locator (LOL):  0.9987277419E+00
 Local information entropy:  0.3469178556E+00
 Interaction region indicator (IRI):  0.8926229534E-12
 Reduced density gradient (RDG):  0.1000000000E+03
 Reduced density gradient with promolecular approximation:  0.1000000000E+03
 Sign(lambda2)*rho: -0.2900350188E+03
 Sign(lambda2)*rho with promolecular approximation: -0.2923666785E+03
 Corr. hole for alpha, ref.:   0.00000   0.00000   0.00000 : -0.9026762421E-08
 Source function, ref.:   0.00000   0.00000   0.00000 :  0.8766917358E+04
 Wavefunction value for orbital       1 :  0.2919114390E-04
 Average local ionization energy (ALIE):  0.1825522416E+02
 van der Waals potential (probe atom: C ):  0.1229754511E+73 kcal/mol
 Delta-g (under promolecular approximation):  0.3841736896E-01
 Delta-g (under Hirshfeld partition):  0.6070252030E-01
 User-defined real space function:  0.1000000000E+01
 ESP from nuclear charges:  0.1449011986E+07
 
 Note: Below information are for electron density
 
 Components of gradient in x/y/z are:
 -0.4230256145E-09 -0.1249922943E-09  0.1172364428E-09
 Norm of gradient is:  0.4564188073E-09
 
 Components of Laplacian in x/y/z are:
 -0.6395970111E+06 -0.6395938972E+06 -0.6395966702E+06
 Total: -0.1918787578E+07
 
 Hessian matrix:
 -0.6395970111E+06 -0.5926347505E+00 -0.5514950101E+01
 -0.5926347505E+00 -0.6395938972E+06 -0.2684206170E+00
 -0.5514950101E+01 -0.2684206170E+00 -0.6395966702E+06
 Eigenvalues of Hessian: -0.6396024023E+06 -0.6395938720E+06 -0.6395913042E+06
 Eigenvectors (columns) of Hessian:
 -0.7170821104E+00 -0.8176857744E-02 -0.6969407334E+00
 -0.7184579625E-01 -0.9937374148E+00  0.8558114315E-01
 -0.6932758675E+00  0.1114409687E+00  0.7120038497E+00
 Determinant of Hessian: -0.2616477056E+18
 Ellipticity of electron density:    0.000013
 eta index:   -1.000017
 
 ----------------   CP    15,     Type (3,-3)   ----------------
 Corresponding nucleus:   161(P )
 Position (Bohr):      -12.289823564881   -9.216729173359    4.554549197652
 Position (Angstrom):   -6.503494556554   -4.877283037606    2.410163641334
 Density of all electrons:  0.2047966431E+04
 Density of Alpha electrons:  0.1023983215E+04
 Density of Beta electrons:  0.1023983215E+04
 Spin density of electrons:  0.0000000000E+00
 Lagrangian kinetic energy G(r):  0.6071718255E+04
 G(r) in X,Y,Z:  0.2024481492E+04  0.2020468267E+04  0.2026768495E+04
 Hamiltonian kinetic energy K(r):  0.1197149414E+08
 Potential energy density V(r): -0.1197756586E+08
 Energy density E(r) or H(r): -0.1197149414E+08
 Laplacian of electron density: -0.4786168968E+08
 Electron localization function (ELF):  0.9999590055E+00
 Localized orbital locator (LOL):  0.9936379103E+00
 Local information entropy: -0.1013143778E+01
 Interaction region indicator (IRI):  0.2811204379E-11
 Reduced density gradient (RDG):  0.1000000000E+03
 Reduced density gradient with promolecular approximation:  0.1000000000E+03
 Sign(lambda2)*rho: -0.2047966431E+04
 Sign(lambda2)*rho with promolecular approximation: -0.2159159882E+04
 Corr. hole for alpha, ref.:   0.00000   0.00000   0.00000 : -0.9017829096E-06
 Source function, ref.:   0.00000   0.00000   0.00000 :  0.2377050170E+06
 Wavefunction value for orbital       1 : -0.3857319222E-04
 Average local ionization energy (ALIE):  0.7204377214E+02
 van der Waals potential (probe atom: C ):  0.5425795088E+90 kcal/mol
 Delta-g (under promolecular approximation):  0.1998535701E-01
 Delta-g (under Hirshfeld partition):  0.1123272374E+00
 User-defined real space function:  0.1000000000E+01
 ESP from nuclear charges:  0.6889414798E+08
 
 Note: Below information are for electron density
 
 Components of gradient in x/y/z are:
 -0.1143905948E-07 -0.1799299376E-08 -0.4267170839E-08
 Norm of gradient is:  0.1234092002E-07
 
 Components of Laplacian in x/y/z are:
 -0.1595389425E+08 -0.1595391038E+08 -0.1595388505E+08
 Total: -0.4786168968E+08
 
 Hessian matrix:
 -0.1595389425E+08 -0.3057240106E+02  0.2649983009E+01
 -0.3057240106E+02 -0.1595391038E+08  0.1628004094E+02
  0.2649983009E+01  0.1628004094E+02 -0.1595388505E+08
 Eigenvalues of Hessian: -0.1595393798E+08 -0.1595388503E+08 -0.1595386667E+08
 Eigenvectors (columns) of Hessian:
  0.5627556176E+00  0.5216003735E+00 -0.6412793192E+00
  0.7817677713E+00 -0.8375201547E-01  0.6179196968E+00
 -0.2685987092E+00  0.8490692847E+00  0.4549022787E+00
 Determinant of Hessian: -0.4060694485E+22
 Ellipticity of electron density:    0.000003
 eta index:   -1.000004
 
 ----------------   CP    16,     Type (3,-3)   ----------------
 Corresponding nucleus:   328(H )
 Position (Bohr):       -7.377301520166   -8.092849999411   10.434547660133
 Position (Angstrom):   -3.903899842432   -4.282551790945    5.521724827824
